3  1  24  23  15  15  11  23  7  9  2  23  8  9  4  8  2  23  21  3  

16  5  5  5  7  22  20  15  9  24  15  10  22  8  15  22  20  8  3  17  

25  19  11  21  10  15  6  13  15  9  20  8  5  8  19  23  7  4  23  14  

3  9  13  25  2  2  17  22  5  7  1  18  1  15  21  19  12  21  21  3  

5  8  24  1  16  15  8  1  18  21  3  11  4  13  2  4  19  17  21  17  

17  21  15  11  25  19  5  3  2  21  2  16  23  25  25  16  5  6  15  22  

3  9  3  13  19  12  8  14  10  11  5  6  1  10  6  1  23  22  23  9  

9  17  23  16  13  6  7  5  9  7  8  4  5  21  4  16  8  1  8  6  

20  11  15  14  5  18  21  22  14  2  7  20  9  5  23  14  6  13  15  1  

7  25  5  21  7  23  2  22  14  2  13  10  14  12  10  24  8  12  18  22  

9  2  22  11  7  8  7  2  5  25  16  6  11  25  18  14  6  10  2  23  

1  20  12  5  8  12  21  8  2  20  1  16  4  21  19  2  11  8  5  9  

5  9  9  18  12  22  22  17  21  3  1  7  22  4  22  19  13  10  1  15  

24  10  1  4  22  5  10  24  1  18  10  25  19  24  7  22  20  12  24  16  

3  3  20  6  17  25  4  13  6  10  10  17  3  13  22  5  23  16  5  4  

16  22  6  16  12  18  24  4  16  12  23  9  6  3  11  19  12  1  9  5  

7  22  15  6  12  12  5  5  5  1  17  8  10  10  5  15  1  22  11  11  

5  10  6  22  6  11  3  8  17  24  13  17  23  21  15  2  2  23  14  23  

2  23  7  23  12  12  12  10  20  23  24  8  2  1  16  10  1  12  7  17  

24  9  14  2  21  18  17  11  18  6  2  14  12  19  21  17  7  7  2  25  

